250
-16.9874259058 -16.4627381914
56.2775652 -28.5276942712
-21.7477387003 -13.0747024968
-27.6561864862 13.4480868268
95.9758927042 -84.4523253982
56.1398681472 -86.5486677547
99.6708316389 91.0096080954
11.8718765665 49.6736259793
18.736556017 -19.6596527723
82.9674837225 4.25974875035
28.3205740397 -91.5073793009
-37.4228695478 -53.6230265264
95.0577646799 65.1955647098
-63.2520918388 25.6562800046
-55.3925099325 74.7325718686
-6.56358577766 98.3690388225
36.6012093474 -61.4132381074
-24.8059952094 61.3074000836
-31.3705023119 -91.2011154486
84.2493029938 -95.7264446135
44.9262859147 -91.4138149812
-16.0038018935 -44.0776327351
-78.830964339 -44.9863813102
-70.3962076347 59.7493323947
-74.0687842151 24.2576562772
-59.9286788831 30.3445804575
42.8432485704 -63.5161326344
52.6252638872 44.2885283031
89.1638971229 9.4569893152
-7.36094603475 74.6735803299
62.050702292 -68.4633267155
-38.6044446721 35.5729808451
-8.50718611233 -69.0581123771
52.8942290364 24.3524100072
40.3020703577 98.4402055648
-91.8666181234 44.1975516899
-10.4951513996 6.34041283238
-4.71395731107 32.1880022881
-65.666858064 -23.8575742338
-72.4607205696 33.1271019551
-72.9986961249 -24.7691547172
89.2133943614 -26.5901125172
66.7091428668 24.4155585293
-36.2333712811 28.6619024551
91.791800344 59.3313778411
-81.0724449004 -28.3855642138
-67.2034339129 50.1575860149
-88.1300565134 97.5770767121
-46.1351997455 88.8565875553
-51.965070322 98.634593014
-97.2033750003 21.5979043554
87.5104403608 52.2308917703
-16.0145238634 -52.1169984687
98.706051456 -51.1680545585
27.9525298997 59.0155738974
47.9779346697 -24.5993326999
-63.6902465183 -87.5723497997
6.86775974805 -91.686503769
72.7582452318 -86.1555631758
-6.20611526529 -59.8075933999
48.9143111905 -47.6297328742
-12.9754891766 94.4587131209
-51.9696672078 68.470013323
-43.8403319485 -94.0084170807
-33.0816661041 -32.8019008745
-93.6852863968 33.84624456
80.2124987261 49.1565624727
-23.3990544859 -7.56832375161
1.63873416658 13.0197505971
91.2387692004 -92.1568997897
97.3769973771 9.72108389254
25.3172399173 -65.7330786975
9.84011705718 22.1432286365
7.55350361445 15.2312564804
71.0350168023 10.5222971058
65.0245974753 39.3723062234
86.1318877159 49.8067431222
84.5118449935 -36.3223360139
-83.6993963995 84.2111208073
-31.8795171689 -82.6997522916
-33.0990900352 -55.1948020986
1.49484137332 23.5142762478
47.1081650875 95.1533459144
-53.3666006427 -64.8070515629
-78.6088277675 -33.8148737298
-42.540237941 32.1906855683
-8.57389597238 -46.2699045149
68.7813138085 88.3582533823
77.4533175451 -15.8065350656
72.0932268278 -14.3605835184
-40.415539095 -7.82213260963
-19.817622898 42.1074891514
85.2514363557 -14.3597660884
8.05411179328 10.8306253973
-47.0666668722 83.735182326
-66.7267954373 -27.9979023635
92.2145602616 48.2857692148
1.46314138044 -12.3825385847
-30.760655754 97.9004045536
84.0885315928 -6.58025893819
62.6125339708 -39.7529379445
87.7110915949 -14.8606374935
-88.7726668815 -89.3622340381
40.6177120395 -20.7173088454
80.0782921576 -65.8683551767
84.5500411879 -46.5400077448
-15.172917589 8.70562050164
-46.7318117205 62.9457309932
-38.7284218537 18.5539823916
52.277927645 38.3594559839
-88.4041848862 56.9261713789
-77.3799334839 -65.3083214128
85.8350606971 25.1571574137
18.0821458926 -68.7726051933
35.425007616 75.5247539056
30.1001534333 -94.1076797938
-62.0455614868 90.7943879477
-40.1467081107 -70.6173906957
62.6550415575 -89.8056443658
4.89973485221 35.8356090945
50.3040514942 -42.1715183143
92.2555797112 62.5706912649
45.7325704278 -45.4851340958
51.7871362323 -47.3530472136
-60.8453801179 -49.3105975514
-93.8404800544 -73.7234459461
25.3302699183 -97.5417982671
-63.7774586562 -51.1244902433
16.6474434286 -3.02089722326
33.2126510854 23.1550283149
-97.4493293032 33.2796415969
-35.7266882018 63.1479610574
-19.2003534504 -90.7613293222
23.32631054 -94.5951190585
30.3813696768 65.0462512216
24.7962782448 -18.1341588584
-81.1306388441 27.0803434485
-38.6455735166 41.7461264595
-54.5216322957 65.4020071877
45.3727945179 -81.241597714
47.3409521671 61.5163714504
55.0327454001 -98.9836681889
44.8606726889 -73.3665546577
-40.9747881453 -14.1330642674
-39.1072571111 -8.57966867245
40.1225685602 28.1177680611
-74.7422893887 17.5911678229
93.1918061742 67.2593241761
-98.818296883 -9.77639926462
-28.6787335546 4.4233533048
-41.1604278781 59.4445011315
68.4712374137 -56.1519090678
74.2102451944 34.3635791747
54.2210381645 -32.4260264178
-67.6824273199 76.9789734583
71.7183332968 38.1730175976
-36.9773236071 8.14770117555
-29.5071837993 -18.2408954589
75.5883552966 53.547314744
77.9569705788 -65.8790279767
26.9659060563 54.5694788437
-55.5883916751 28.3476252256
-88.120677582 -30.8125726095
26.0873420246 72.191008456
70.8620067518 -17.3454296787
77.5174878567 83.6170001429
19.8695712493 -48.614178148
-14.5569255249 -32.2587848546
85.2297635859 -40.0824025419
-18.14117402 -48.3101901505
55.8581561122 47.1607624661
-17.748576355 61.3637935568
-67.8541749286 20.3490518571
-21.1029426909 14.6965299079
20.6551043676 -4.01743234568
44.7001798094 -89.9707801798
-66.4045237282 -71.3846683758
-69.1098773995 64.5790841521
4.62994142763 52.6042341128
71.0896581519 -65.6696033821
-64.5803243078 39.6142414273
61.6510384848 91.9543183182
-15.4606481318 65.9828619472
57.0606401845 -60.5515345551
96.4110806542 -19.5634594228
-66.3972555022 -83.0769221896
31.9020982586 -23.7044314348
-68.0320805181 99.6950635961
-78.5201814718 35.7118058653
95.7689980482 73.2623505718
25.7518910135 84.2143160804
-40.7214710591 31.9838802554
45.119833004 -99.8331621003
-43.1656453198 -71.0651708041
78.1748633495 64.0692284662
17.641880509 -53.7591634339
5.8950626884 98.5062349268
73.9769353564 -20.62040124
73.2005773483 -56.2475605921
65.5926934331 -34.5484583075
-63.8489345602 58.7845247003
86.0297852022 -5.72127626611
79.8567602878 67.837577698
-54.9458241301 -88.3813822989
-26.4085448503 -41.1231891727
51.8394876933 36.0779469546
31.615154618 31.7203982115
-89.0276442842 80.5242450535
27.5873670227 -78.7010686228
-38.9433441561 80.1168673391
-85.6983230361 13.4508777556
29.5171483511 -3.20663848481
-83.7138755818 -99.7234780671
-31.5469782368 63.6375638687
-69.1070156278 51.5957781377
15.3804141359 9.86246085237
-96.659476817 48.3204715905
19.7401504161 -25.3897213491
-63.593147019 14.9832284886
-40.811814393 -20.0910879214
-69.8713653051 -76.4579169664
-26.4848912813 54.6172593984
75.753234255 -42.7354370963
9.81800441038 -47.6878606279
6.43902754544 5.19859832009
42.4869559354 13.1494906622
69.4260147471 77.1165988303
-77.7021787038 52.9383313329
56.5901477758 54.3295855159
-61.4234376399 -85.0262672549
-15.5482356098 -74.4651103683
-16.8942431329 -96.1565014516
0.38574216968 -27.9914867715
-54.7579457373 -25.5635022418
-99.0719774068 69.1377307107
-88.1602676427 -85.0158166144
-6.35740040061 6.00344746953
-61.4650521585 85.0203672183
44.2926474858 -88.1939264033
-58.0382833102 66.9784898342
0.632301126852 4.85544568028
0.640164260024 56.0594273234
-74.9205137966 92.0533780003
-13.7021777916 1.81219137856
49.0881357915 48.5849208224
42.6098115543 58.6272496668
-73.0467575912 89.8781698491
7.30811779124 -12.905906948
81.1202910242 -29.7033916904
-89.4094236515 62.0906050013
